.Random.seed <-
c(403L, 10L, 834509459L, -1488207055L, -76570144L, -1556081026L, 
-951837431L, -966365381L, -108845302L, 2031081196L, -1976253585L, 
1773270181L, -1532484004L, 1067429426L, -1343992531L, -1293517849L, 
-1076757746L, 629783784L, -1940105493L, -452839543L, 958858008L, 
1675433542L, -2005137759L, 1969277235L, 1198434466L, 873392020L, 
1194149399L, -982191603L, -840890588L, -414268662L, -1539895691L, 
1561914831L, -646310186L, -1552213376L, 1805436099L, -993123743L, 
-1831781680L, 659758126L, -41078311L, -870339093L, 64694362L, 
279898652L, -1437627617L, 629604213L, 1399268876L, -1264844830L, 
-1295760195L, -1081457865L, 279899102L, -1702778600L, 563698811L, 
-400932327L, 60596904L, -446068650L, -1187511087L, 912457859L, 
1264751378L, -1515583836L, 271561319L, 1040952253L, -344849100L, 
-105218406L, 323767525L, -1953436033L, 1262057478L, 737131408L, 
1959183923L, 325932497L, -301979776L, 1376008798L, 1659953577L, 
2108543067L, 1183975530L, 1821944076L, 1165222735L, -992133115L, 
-867623236L, 124925842L, -1899436915L, -227458361L, -581553234L, 
-2053607928L, -1563835893L, -849734935L, 744889784L, 19913318L, 
1348249345L, -35876461L, 110307906L, -1074938380L, 912197623L, 
-1993704467L, 31118468L, 626379434L, 970399765L, -12269393L, 
1692550838L, -541748000L, -503171037L, -1970493631L, -1866151376L, 
359061582L, 462489785L, -1105707829L, 1121681786L, -855556996L, 
-104548161L, 946736533L, -667267668L, 281479042L, -1865708195L, 
652936279L, -1003674818L, -459125896L, -2036537253L, 1852682169L, 
1545530888L, -301515594L, 77278193L, -1974479325L, 874743410L, 
1581636804L, -587228537L, 42177117L, 1413125204L, -635273606L, 
1996225989L, -1128235233L, 812329638L, 1265175600L, 446803667L, 
-1082045199L, 920029216L, -257986882L, 250710729L, -85196677L, 
-925843894L, 1947609772L, -1107223121L, -1128239771L, -1084261604L, 
-2065768590L, 1422439405L, -2000554969L, -1807282L, 1205932200L, 
375652011L, 1681382345L, 895662040L, -1226285434L, -511269023L, 
-461759757L, -1734965918L, 986354644L, -322627881L, -491201331L, 
-538952604L, 1164399178L, 1738438581L, -1117549809L, 300283926L, 
-53214528L, -552512381L, -1828798303L, -46242160L, -120408722L, 
-1256152295L, 1336256427L, -1775532646L, 2017698140L, -1366575009L, 
1034459189L, 429120460L, 1501466402L, -630599299L, -1890215305L, 
1434829726L, 639128152L, -135701573L, 477965657L, -1438734616L, 
171530006L, -95668079L, -1978034877L, 558420050L, 545641188L, 
-1812314841L, 967671165L, -1780329356L, 1235598938L, -477025627L, 
577654975L, -8965306L, -1479056944L, 1430520819L, 153525009L, 
-1194095808L, 1018983198L, -1589085207L, -266333925L, -1639445718L, 
-205550516L, -475741169L, -1131253947L, 1534527740L, -610175150L, 
-586630963L, -2094176121L, -685376658L, -393319096L, -612828853L, 
-1189860183L, -1329689096L, 671765798L, 539100737L, 1562578899L, 
-14514814L, -1298290252L, -257100489L, -1871429587L, 301305156L, 
-1422488982L, -1888836395L, 1633653359L, 1293121398L, -1423910752L, 
-349105821L, -1516256767L, 1114198384L, -183294320L, -567264222L, 
825567240L, -1112066932L, 634644508L, -595147630L, 2059508864L, 
1648114708L, 1162195752L, 1198427194L, 1729248464L, 563317868L, 
960018100L, -218161134L, 523657184L, 958567372L, 13202912L, -2037933022L, 
-2025679576L, 663535884L, 632725052L, 917034226L, -790251280L, 
1527949124L, -140541864L, -1651361222L, 1708763376L, -1821822276L, 
29848084L, 1601752258L, 700941920L, -1704798852L, -341627696L, 
-1653679070L, 985761960L, 743914892L, 1294182844L, -20629454L, 
-223569088L, 872572596L, 1589514568L, 1203667642L, -1996433648L, 
-1666586388L, 966449236L, -990056686L, -649272928L, -1466789940L, 
-2118961312L, -909298494L, -604348888L, -1359345236L, 1686270780L, 
672830322L, -173697232L, -2027403228L, -2014159304L, 755348186L, 
1619077008L, -170234628L, -1777920620L, -176254142L, -324883968L, 
1359677500L, -735974832L, 2147467426L, 258151240L, 903954956L, 
-1445473572L, 13322322L, -411857792L, 839102292L, -1145708568L, 
-287548678L, 419512144L, 792024108L, 322556276L, -1631037806L, 
248257120L, -2019321716L, 936143200L, -1581135646L, -1987738456L, 
1645240012L, -250099204L, -1558203470L, -1299932176L, -1984329276L, 
-1827435176L, -48137862L, -1503929936L, 898122172L, -330174892L, 
-161269310L, -1337906400L, -711722052L, 2025869392L, -1517263902L, 
1030014824L, 1864499020L, -1402016004L, -66547982L, -1451774720L, 
-1955961740L, 263843336L, 485187002L, 355493328L, 280956908L, 
1228499860L, 1913098450L, 1151810656L, -1531718324L, 248253216L, 
1576237698L, -114695704L, -720968724L, -1516046788L, -1518395790L, 
-509168784L, 481832228L, 2037660216L, 799674778L, -997947952L, 
-1259461188L, -1712863596L, -640155006L, -1711729216L, 530714428L, 
-1150545264L, -74791134L, -252340728L, -330677492L, -1069507684L, 
-1266097134L, 454374272L, 1000319764L, 157455656L, -355372998L, 
29791184L, -1406215572L, -1336632268L, -1277372270L, 414851424L, 
1398869324L, -982790688L, 681292706L, -475919448L, -1368470388L, 
867787708L, -1540055950L, 61437936L, 1814107204L, 1841330264L, 
-1223868358L, 2125901936L, 1816122940L, -511387884L, -1582323006L, 
-971623712L, -2106954628L, 516152528L, -1496044638L, 2070318632L, 
-1192675060L, 1847228348L, 2051705138L, 190587072L, 1528963636L, 
1000966856L, 1431837370L, -2125224816L, 1990579948L, 325402196L, 
-1560066414L, -1960380640L, 946546636L, 467681504L, 1877851842L, 
1188430888L, 1564527532L, 894794428L, -1028535822L, -528984528L, 
369960868L, 1603424696L, 1398158170L, 1891005584L, 1342946172L, 
1364891412L, 1646300482L, 940908288L, -969157700L, -297078960L, 
1734375714L, 732529224L, 395980812L, 2052936796L, -501513774L, 
2006359552L, -1830760108L, 344174824L, -1845686022L, -906279216L, 
-490245844L, 797282548L, -125252206L, 472975712L, -631650292L, 
1294435040L, -217875870L, 1935012520L, 1099737676L, -1571397764L, 
1508459826L, 8803952L, -1361079484L, 1364404184L, -2144151686L, 
-1116690896L, -2050074692L, 134321748L, 1156784194L, -1231540064L, 
-446622020L, 1652349392L, -1565215902L, -124833048L, -1890420910L, 
235921063L, 870523633L, 173140534L, 993846996L, 1920502373L, 
589006959L, -527078744L, 989444102L, -1087212237L, 621263253L, 
-1327626766L, 1704991296L, 2013885353L, 1195044379L, -1190828052L, 
378785786L, 1673229359L, -268254151L, -315902386L, 490063516L, 
-353469427L, -569982857L, -1277736832L, -637890850L, 330687915L, 
220739245L, 646056730L, 141472728L, -605818815L, 274931443L, 
508215572L, -878996318L, 593301943L, 1468732801L, -1631820922L, 
1784623556L, 1831975157L, -120530593L, -604941384L, 1303869078L, 
-1105575773L, -676156827L, 660815746L, 624448752L, 1711713433L, 
-764394357L, 1216630140L, -99353686L, 640793567L, -1284755095L, 
1689050494L, 356138348L, -873273923L, -474454393L, 1926701680L, 
-185808626L, -1603283397L, 1286112541L, 1912049610L, -2045273880L, 
1838857169L, -1965228605L, -1654155580L, -1315332750L, -284078009L, 
843469841L, -1908714090L, -1784403724L, -1619484027L, -1496216625L, 
-1150893368L, -1563442330L, 1092549011L, 797553397L, -1642976558L, 
987272480L, 2045713673L, 2042571323L, 1873182604L, 986275354L, 
1353836175L, -1361239591L, -590555538L, -715467268L, 1648127853L, 
-909731561L, 5780704L, -45942082L, 1443920011L, -1321507059L, 
-865753286L, -13377672L, 472323361L, -456817197L, 378414324L, 
1370283394L, 1080813591L, 1586941665L, -352331738L, -1188045532L, 
1840268757L, -1897870977L, 1521891352L, 8636214L, -888487485L, 
563335173L, -459353182L, 947502992L, -1530995911L, 316370923L, 
1491898588L, 1526722826L, -813252609L, -1321528759L, 757274590L, 
-2029045876L, 635283293L, -1740824729L, -255040368L, 509446830L, 
-598562981L, -1675200707L, 1582892458L, -1569887672L, 1702832753L, 
-377844765L, -533014812L, -613618158L, 144488935L, -1446414927L, 
71906294L, -1626284524L, 1104658725L, 297626159L, -1919176728L, 
1326913734L, 27032947L, 1271490005L, 1634544050L, -1510365312L, 
1235262313L, 278802395L, -1573652692L, -172828358L, -1993488401L, 
-957132167L, 1793324302L, 117398748L, 1155838797L, 836737719L, 
